00000000000000000000000000000000
00001000000000000000000000000000
00010000000000000000000000000000
00011000000000000000000000000000
00100001000000000000000000000000
00101010000000000000000000000000
00110011000000000000000000000000
01000100101000000000000000000000
01001111000110000000000000000000
01010010011001000000000000000000
01011101110100000000000000000000
01100000111000000001001000110100
10000001000000000000000000000000
10001010000000000000000000000000
10010011000000000101011001111000
10011101100000000001000100010001
10100110101000000010001000100010
11000111000000000000000000000000
11001000000000000000000000000000
11010001000000000000000000000000
11011010000000000000000000000000
11100011000000000000000000000000
11101000000000000000000000000000
11110000000000000000000000000000
11111000000000000000000000000000
